2026561407 39627524
2026561407 254463269
2026561407 163637592
2026561407 494819449
2026561407 456664753
2026561407 466272
2026561407 591867189
2026561407 447261734
2026561407 73842852
2026561407 20165629
2026561407 1402209327
39627524 99157282
39627524 4474705
39627524 19789641
39627524 32708362
39627524 287462147
39627524 13807284
39627524 1754707
39627524 351477766
39627524 94114029
39627524 278898145
39627524 120187282
39627524 8047632
39627524 883974
39627524 243872957
39627524 362230290
39627524 161419374
39627524 13746699
39627524 268461973
39627524 17546432
39627524 9008159
39627524 250858633
39627524 2920960
39627524 26139491
39627524 32425162
39627524 37090048
39627524 95503301
39627524 441328101
39627524 10942427
39627524 107486042
39627524 227107602
39627524 225364217
39627524 432158620
39627524 235555226
39627524 11452660
39627524 488971498
39627524 430969192
39627524 338927049
39627524 236093103
39627524 451972012
39627524 454351818
39627524 403943112
39627524 387708563
39627524 456664753
39627524 241449231
39627524 208259
39627524 494902612
39627524 32820037
39627524 323194278
39627524 10409176
39627524 11616487
39627524 551276042
39627524 11421405
39627524 10462362
39627524 113362335
39627524 3032988
39627524 11336264
39627524 617285
39627524 1893045
39627524 37663924
39627524 216156027
39627524 2913152
39627524 378885845
39627524 22309487
39627524 18202105
39627524 110055866
39627524 395936853
39627524 29329085
39627524 476704454
39627524 687488313
39627524 491461718
39627524 29338392
39627524 630856629
39627524 14583962
39627524 626369036
39627524 437316738
39627524 7380321
39627524 2026561407
39627524 101229184
39627524 525743091
39627524 353539995
39627524 5957440
39627524 611710796
39627524 692480643
39627524 543879541
39627524 147166910
39627524 946974
39627524 1052649875
39627524 5771902
39627524 407045223
39627524 3334179
39627524 495535252
39627524 409739866
39627524 33151008
39627524 1862400654
39627524 387783803
39627524 50329118
39627524 9617619
39627524 1420982
39627524 7487399
39627524 24531273
254463269 109101
254463269 253455431
254463269 26666749
254463269 32939613
254463269 37090048
254463269 44473221
254463269 546195
254463269 350632501
254463269 32173486
254463269 6574487
254463269 21587273
254463269 323733137
254463269 1691347
254463269 437316738
254463269 434716461
254463269 168598
254463269 419501714
254463269 54992199
254463269 927587
254463269 258150656
254463269 43855
254463269 865267
254463269 456606920
254463269 489206287
254463269 517327498
254463269 407045223
254463269 430948380
254463269 163637592
254463269 208259
254463269 2200736
254463269 946974
254463269 37663924
254463269 2206456
254463269 585267
254463269 18202105
254463269 14264313
254463269 208130286
254463269 169952592
254463269 235555226
254463269 19474906
254463269 1577804
254463269 449825072
254463269 9458053
254463269 515108123
254463269 119801456
254463269 403645723
254463269 354832248
254463269 548729259
254463269 250111460
254463269 2306780
254463269 2252452
254463269 478548163
254463269 29080508
254463269 486633990
254463269 456404164
254463269 185546
254463269 414350632
254463269 7788379
254463269 20259914
254463269 72270557
254463269 645711700
254463269 275016013
254463269 125526
254463269 257975429
254463269 52165725
254463269 8366990
254463269 3957971
254463269 607245261
254463269 113362335
254463269 1526101
254463269 99157282
254463269 3353026
254463269 177613639
254463269 52250
254463269 576714990
254463269 238329119
254463269 14198063
254463269 450595813
254463269 291377718
254463269 510856133
254463269 4408538
254463269 402576555
254463269 8365699
254463269 520155988
254463269 32598708
254463269 14110780
254463269 122879
254463269 2379178
254463269 63231
254463269 401408210
254463269 515993
254463269 37199377
254463269 1962633
254463269 7552204
254463269 18020792
254463269 642922
254463269 558821282
254463269 2142762
254463269 81824112
254463269 648113003
163637592 20291891
163637592 12434430
163637592 4079592
163637592 14565796
163637592 28338960
163637592 123484
163637592 97124189
163637592 1586550
163637592 25561982
163637592 224335
163637592 90880298
163637592 157778482
163637592 108411997
163637592 20503549
163637592 88461692
163637592 1902865
163637592 503533
163637592 98976194
163637592 6355324
163637592 144900177
163637592 23414944
163637592 6388976
163637592 12140808
163637592 57598190
163637592 241813257
163637592 19380926
163637592 9983883
163637592 4345670
163637592 9982481
163637592 81586483
163637592 332518964
163637592 5497273
163637592 348595651
163637592 11930472
163637592 130449
163637592 20166755
163637592 3248988
163637592 12225763
163637592 17792838
163637592 5816073
163637592 14124086
163637592 23510008
163637592 631053
163637592 37768711
163637592 7458285
163637592 352396335
163637592 111048123
163637592 124941003
163637592 3380239
163637592 57855066
163637592 124941003
163637592 3380239
163637592 57855066
163637592 24065037
163637592 10483502
163637592 7349
163637592 12360828
163637592 129802844
163637592 362091638
163637592 386340859
163637592 4211655
163637592 25480023
163637592 202607175
163637592 20695818
163637592 946974
163637592 245627923
163637592 289298477
163637592 162316822
163637592 7887262
163637592 32360194
163637592 331954100
163637592 30007012
163637592 240348653
163637592 320663489
163637592 359387597
163637592 342184017
163637592 297722739
163637592 4401694
163637592 10215753
163637592 25195146
163637592 142821407
163637592 6468717
163637592 408496784
163637592 755999
163637592 23379217
163637592 37090048
163637592 12050897
163637592 11336264
163637592 50212909
163637592 40382041
163637592 89847338
163637592 6086579
163637592 794267
163637592 24246827
163637592 318355178
163637592 8047632
163637592 133901828
163637592 87866439
163637592 11278782
163637592 17638509
494819449 15594753
494819449 2026561407
494819449 584630077
456664753 106086780
456664753 433587902
456664753 20165629
456664753 95503301
456664753 7584632
456664753 21778636
456664753 486779039
456664753 39627524
456664753 21151219
456664753 37090048
456664753 407045223
456664753 19474906
456664753 630856629
456664753 569956690
456664753 351914826
456664753 2026561407
456664753 1087482281
456664753 1402209327
466272 6534506
466272 399631668
466272 402482964
466272 193482959
466272 630836232
466272 21876627
466272 6795217
466272 2026561407
466272 9617619
591867189 37090048
591867189 2026561407
591867189 517327498
591867189 369287008
591867189 673345552
591867189 503261133
447261734 448695332
447261734 32660634
447261734 207539637
447261734 287795639
447261734 18940974
447261734 3766866
447261734 163637592
447261734 430948380
447261734 258150656
447261734 20165629
447261734 9458053
447261734 11336264
447261734 72209046
447261734 67141499
447261734 419501714
447261734 8188433
447261734 349721082
447261734 407045223
447261734 92601724
447261734 10330740
447261734 33683045
447261734 21778636
447261734 37090048
447261734 99157282
447261734 384298638
447261734 54992199
447261734 410156914
447261734 72270557
447261734 405054588
447261734 4543111
447261734 252028114
447261734 321173469
447261734 223146252
447261734 32708692
447261734 479631177
447261734 235555226
447261734 31880257
447261734 366559698
447261734 456664753
447261734 279921469
447261734 481393564
447261734 507066827
447261734 508168388
447261734 327709042
447261734 102999485
447261734 176414546
447261734 324879
447261734 519620645
447261734 424091950
447261734 19474906
447261734 32068534
447261734 60257602
447261734 522294402
447261734 14804670
447261734 517327498
447261734 323733137
447261734 484734655
447261734 43646124
447261734 26366366
447261734 592311716
447261734 400230277
447261734 222103174
447261734 326427334
447261734 241672205
447261734 551888585
447261734 532741557
447261734 489330876
447261734 618311771
447261734 517491339
447261734 524918149
447261734 576510405
447261734 364654971
447261734 487435226
447261734 607245261
447261734 254463269
447261734 478313881
447261734 103407735
447261734 73842852
447261734 579929582
447261734 525829993
447261734 44052424
447261734 50092850
447261734 364448673
447261734 438220760
447261734 8047632
447261734 39279965
447261734 607281655
447261734 2000819931
447261734 5581898
447261734 97177641
447261734 516280475
447261734 527200355
447261734 615713810
447261734 492547140
447261734 26079128
447261734 206932746
447261734 631665082
447261734 489062559
447261734 10613291
447261734 2026561407
73842852 407045223
73842852 19474906
73842852 20165629
73842852 32068534
73842852 519620645
73842852 551888585
73842852 241672205
73842852 400230277
73842852 43646124
73842852 398812937
73842852 176414546
73842852 578074510
73842852 592311716
73842852 543917882
73842852 489330876
73842852 588707331
73842852 484734655
73842852 480940351
73842852 424091950
73842852 17134369
73842852 480898263
73842852 562364582
73842852 611502430
73842852 35761964
73842852 618311771
73842852 615713810
73842852 591889353
73842852 37090048
73842852 6335890
73842852 486614839
73842852 456664753
73842852 517491339
73842852 576510405
73842852 544014511
73842852 223146252
73842852 26798384
73842852 12973629
73842852 438220760
73842852 402205642
73842852 510856133
73842852 20259914
73842852 2460656
73842852 327709042
73842852 442603088
73842852 522294402
73842852 97177641
73842852 235555226
73842852 447261734
73842852 507066827
73842852 524918149
73842852 692194569
73842852 579929582
73842852 6904385
73842852 524186740
73842852 630372845
73842852 607281655
73842852 511148568
73842852 633264591
73842852 14804670
73842852 1220337262
73842852 649697560
73842852 668633019
73842852 391774002
73842852 1271301643
73842852 72270557
73842852 364448673
73842852 2026561407
73842852 2000819931
73842852 1492846885
73842852 1374661754
73842852 1004004202
73842852 35764941
73842852 317014832
73842852 602945692
73842852 1687239602
73842852 479573824
73842852 513585370
73842852 1482173435
73842852 454815750
73842852 591366448
73842852 482178966
73842852 118539360
73842852 1230738350
73842852 667631275
73842852 404026292
73842852 610211022
73842852 328469649
73842852 592641020
73842852 1405164697
73842852 487493250
73842852 1446371932
73842852 385979427
73842852 13907091
73842852 174902557
73842852 1131457022
73842852 15982391
73842852 1174966566
73842852 528071730
73842852 570501928
73842852 279921469
20165629 2797845
20165629 6991087
20165629 10330740
20165629 10303206
20165629 37486923
20165629 54992199
20165629 1424972
20165629 74055656
20165629 72209046
20165629 268810504
20165629 32820037
20165629 2
20165629 30954515
20165629 17616721
20165629 212982974
20165629 21778636
20165629 208259
20165629 8047632
20165629 222103174
20165629 238190151
20165629 72201502
20165629 122585545
20165629 79061224
20165629 43563506
20165629 191129954
20165629 228832527
20165629 308900843
20165629 99906730
20165629 330761958
20165629 324473490
20165629 330383888
20165629 36081646
20165629 407045223
20165629 250858633
20165629 323194278
20165629 343084292
20165629 280793434
20165629 349721082
20165629 345612261
20165629 109586062
20165629 1630906
20165629 1998535
20165629 33683045
20165629 444339642
20165629 95670110
20165629 9824766
20165629 452215100
20165629 2654670
20165629 85318798
20165629 35393135
20165629 335692980
20165629 433587902
20165629 390779965
20165629 471106129
20165629 480940351
20165629 456664753
20165629 33462617
20165629 351914826
20165629 430969192
20165629 452161580
20165629 54427940
20165629 238774948
20165629 12688595
20165629 384298638
20165629 163637592
20165629 472807480
20165629 483940995
20165629 189866857
20165629 33775467
20165629 15262818
20165629 21594166
20165629 500367550
20165629 434346657
20165629 212375551
20165629 95503301
20165629 423264599
20165629 490334938
20165629 520616194
20165629 473837611
20165629 543191732
20165629 28801342
20165629 28897026
20165629 285216473
20165629 335850246
20165629 601321586
20165629 479591412
20165629 483787858
20165629 378951562
20165629 410510661
20165629 243659434
20165629 17881429
20165629 210180066
20165629 337312411
20165629 514470783
20165629 692194569
20165629 630372845
20165629 504505810
20165629 1087482281
20165629 232482431
20165629 90920075
1402209327 433587902
1402209327 320840078
1402209327 456664753
1402209327 37090048
1402209327 2026561407
1402209327 535720308
