39627524 0
254463269 0
163637592 0
494819449 0
456664753 1
466272 0
591867189 1
447261734 1
73842852 1
20165629 1
1402209327 1
99157282 0
4474705 0
19789641 0
32708362 1
287462147 0
13807284 0
1754707 0
351477766 0
94114029 0
278898145 1
120187282 1
8047632 1
883974 1
243872957 0
362230290 -1
161419374 0
13746699 -1
268461973 0
17546432 0
9008159 0
250858633 0
2920960 0
26139491 0
32425162 0
37090048 1
95503301 1
441328101 -1
10942427 0
107486042 0
227107602 0
225364217 -1
432158620 1
235555226 1
11452660 0
488971498 0
430969192 0
338927049 0
236093103 0
451972012 1
454351818 1
403943112 0
387708563 1
241449231 0
208259 0
494902612 0
32820037 0
323194278 1
10409176 0
11616487 0
551276042 -1
11421405 0
10462362 0
113362335 0
3032988 0
11336264 0
617285 0
1893045 0
37663924 0
216156027 0
2913152 0
378885845 0
22309487 0
18202105 0
110055866 0
395936853 0
29329085 0
476704454 0
687488313 0
491461718 1
29338392 0
630856629 0
14583962 0
626369036 1
437316738 0
7380321 0
2026561407 0
101229184 0
525743091 0
353539995 0
5957440 0
611710796 0
692480643 -1
543879541 1
147166910 0
946974 0
1052649875 -1
5771902 0
407045223 1
3334179 0
495535252 1
409739866 0
33151008 0
1862400654 0
387783803 1
50329118 1
9617619 1
1420982 0
7487399 0
24531273 -1
109101 -1
253455431 -1
26666749 -1
32939613 -1
44473221 0
546195 0
350632501 0
32173486 -1
6574487 0
21587273 0
323733137 0
1691347 0
434716461 0
168598 0
419501714 1
54992199 1
927587 0
258150656 0
43855 0
865267 0
456606920 0
489206287 0
517327498 0
430948380 0
2200736 0
2206456 0
585267 0
14264313 0
208130286 0
169952592 0
19474906 1
1577804 0
449825072 0
9458053 0
515108123 0
119801456 0
403645723 0
354832248 -1
548729259 -1
250111460 0
2306780 1
2252452 -1
478548163 0
29080508 0
486633990 0
456404164 0
185546 0
414350632 0
7788379 0
20259914 0
72270557 0
645711700 0
275016013 0
125526 0
257975429 0
52165725 0
8366990 0
3957971 0
607245261 1
1526101 0
3353026 0
177613639 0
52250 0
576714990 -1
238329119 0
14198063 0
450595813 0
291377718 0
510856133 0
4408538 0
402576555 0
8365699 0
520155988 0
32598708 0
14110780 0
122879 0
2379178 0
63231 0
401408210 0
515993 0
37199377 0
1962633 0
7552204 0
18020792 0
642922 0
558821282 -1
2142762 0
81824112 0
648113003 0
20291891 -1
12434430 -1
4079592 1
14565796 0
28338960 -1
123484 0
97124189 -1
1586550 -1
25561982 -1
224335 0
90880298 1
157778482 0
108411997 1
20503549 1
88461692 0
1902865 0
503533 -1
98976194 -1
6355324 1
144900177 1
23414944 0
6388976 -1
12140808 -1
57598190 -1
241813257 -1
19380926 -1
9983883 -1
4345670 0
9982481 0
81586483 -1
332518964 1
5497273 0
348595651 -1
11930472 -1
130449 -1
20166755 0
3248988 -1
12225763 -1
17792838 0
5816073 0
14124086 -1
23510008 -1
631053 -1
37768711 -1
7458285 0
352396335 -1
111048123 -1
124941003 -1
3380239 0
57855066 0
24065037 0
10483502 -1
7349 0
12360828 0
129802844 0
362091638 -1
386340859 -1
4211655 0
25480023 0
202607175 -1
20695818 0
245627923 0
289298477 -1
162316822 -1
7887262 0
32360194 0
331954100 -1
30007012 -1
240348653 -1
320663489 0
359387597 -1
342184017 -1
297722739 -1
4401694 0
10215753 -1
25195146 -1
142821407 0
6468717 0
408496784 0
755999 0
23379217 -1
12050897 0
50212909 0
40382041 -1
89847338 -1
6086579 -1
794267 0
24246827 -1
318355178 0
133901828 0
87866439 0
11278782 0
17638509 0
15594753 0
584630077 0
106086780 1
433587902 1
7584632 1
21778636 1
486779039 1
21151219 0
569956690 1
351914826 1
1087482281 1
6534506 0
399631668 -1
402482964 0
193482959 0
630836232 0
21876627 0
6795217 -1
369287008 0
673345552 -1
503261133 1
448695332 1
32660634 1
207539637 1
287795639 0
18940974 -1
3766866 0
72209046 1
67141499 0
8188433 0
349721082 1
92601724 1
10330740 1
33683045 0
384298638 1
410156914 1
405054588 0
4543111 0
252028114 0
321173469 1
223146252 0
32708692 1
479631177 0
31880257 0
366559698 0
279921469 1
481393564 1
507066827 1
508168388 0
327709042 1
102999485 1
176414546 0
324879 0
519620645 1
424091950 1
32068534 1
60257602 1
522294402 1
14804670 0
484734655 1
43646124 0
26366366 1
592311716 1
400230277 0
222103174 1
326427334 0
241672205 1
551888585 1
532741557 0
489330876 1
618311771 1
517491339 1
524918149 1
576510405 1
364654971 1
487435226 0
478313881 1
103407735 1
579929582 1
525829993 0
44052424 -1
50092850 1
364448673 -1
438220760 1
39279965 1
607281655 1
2000819931 1
5581898 0
97177641 0
516280475 1
527200355 0
615713810 1
492547140 0
26079128 -1
206932746 1
631665082 0
489062559 0
10613291 0
398812937 1
578074510 1
543917882 -1
588707331 1
480940351 1
17134369 0
480898263 1
562364582 1
611502430 -1
35761964 1
591889353 1
6335890 0
486614839 0
544014511 1
26798384 0
12973629 -1
402205642 -1
2460656 0
442603088 0
692194569 1
6904385 1
524186740 1
630372845 1
511148568 -1
633264591 0
1220337262 1
649697560 1
668633019 1
391774002 -1
1271301643 -1
1492846885 1
1374661754 1
1004004202 1
35764941 -1
317014832 1
602945692 1
1687239602 1
479573824 -1
513585370 -1
1482173435 1
454815750 1
591366448 1
482178966 1
118539360 1
1230738350 1
667631275 1
404026292 1
610211022 1
328469649 1
592641020 1
1405164697 1
487493250 1
1446371932 -1
385979427 1
13907091 -1
174902557 0
1131457022 1
15982391 -1
1174966566 1
528071730 1
570501928 1
2797845 -1
6991087 0
10303206 1
37486923 -1
1424972 0
74055656 -1
268810504 1
2 0
30954515 0
17616721 1
212982974 1
238190151 1
72201502 1
122585545 1
79061224 0
43563506 1
191129954 0
228832527 1
308900843 -1
99906730 1
330761958 1
324473490 1
330383888 1
36081646 0
343084292 1
280793434 0
345612261 0
109586062 1
1630906 -1
1998535 1
444339642 0
95670110 -1
9824766 0
452215100 1
2654670 0
85318798 0
35393135 1
335692980 -1
390779965 1
471106129 1
33462617 0
452161580 0
54427940 -1
238774948 -1
12688595 -1
472807480 1
483940995 1
189866857 1
33775467 1
15262818 0
21594166 0
500367550 1
434346657 1
212375551 1
423264599 1
490334938 1
520616194 1
473837611 1
543191732 1
28801342 -1
28897026 1
285216473 1
335850246 0
601321586 1
479591412 1
483787858 1
378951562 1
410510661 1
243659434 0
17881429 -1
210180066 1
337312411 0
514470783 1
504505810 1
232482431 1
90920075 0
320840078 1
535720308 1
